cpu  868 115 1430 1050393 804 0 153 0 0 0
cpu0 121 0 285 131072 93 0 32 0 0 0
cpu1 136 70 253 131081 106 0 29 0 0 0
cpu2 84 0 185 131299 93 0 31 0 0 0
cpu3 121 0 236 131280 103 0 39 0 0 0
cpu4 64 44 88 131431 77 0 5 0 0 0
cpu5 110 0 122 131383 115 0 8 0 0 0
cpu6 65 0 116 131507 72 0 3 0 0 0
cpu7 164 0 141 131338 142 0 2 0 0 0
intr 349535 0 3383 135420 0 0 0 149 0 0 0 0 114551 0 0 17135 78631 266 0 0 0 0 0 0 0 0 0 0 0 0 0 0 0 0 0 0 0 0 0 0 0 0 0 0 0 0 0 0 0 0 0 0 0 0 0 0 0 0 0 0 0 0 0 0 0
ctxt 385630
btime 1730284839
processes 2178
procs_running 1
procs_blocked 0
softirq 181434 21 22836 12 76997 11 0 11767 36055 0 33735
