                    CPU0       CPU1       CPU2       CPU3       CPU4       CPU5       CPU6       CPU7       
          HI:          3          1         16          0          1          0          0          0
       TIMER:       3225       3499       2867       2635       3872       3851       1867       1143
      NET_TX:          4          0          1          1          0          4          2          0
      NET_RX:      30081      16877      10644       7609       4464       3972       3190       2261
       BLOCK:          0          7          2          0          2          0          0          0
    IRQ_POLL:          0          0          0          0          0          0          0          0
     TASKLET:       3380       2242       1993       1585       1055        858        565        338
       SCHED:      10289       6476       3608       3623       4039       4535       2242       1796
     HRTIMER:          0          0          0          0          0          0          0          0
         RCU:       3587       4234       3712       4979       4377       4182       4393       4308
