Num       RefCount Protocol Flags    Type St Inode Path
0000000000000000: 00000002 00000000 00010000 0001 01 10862 /run/docker/plugins/katharanp.sock
0000000000000000: 00000003 00000000 00000000 0002 03 10638
0000000000000000: 00000003 00000000 00000000 0001 03 12472 /run/containerd/s/c37f9f82c45ac62d9577427c0e635892cdb92242df801df43795fa58078f2ce9
0000000000000000: 00000002 00000000 00000000 0002 03  9074
0000000000000000: 00000003 00000000 00000000 0001 03  9066 /run/systemd/journal/stdout
0000000000000000: 00000003 00000000 00000000 0001 03 13417
0000000000000000: 00000003 00000000 00000000 0001 03   672 /run/dbus/system_bus_socket
0000000000000000: 00000002 00000000 00000000 0002 01 18540 /run/user/1001/systemd/notify
0000000000000000: 00000002 00000000 00010000 0001 01 18543 /run/user/1001/systemd/private
0000000000000000: 00000003 00000000 00000000 0001 03   679 /run/dbus/system_bus_socket
0000000000000000: 00000003 00000000 00000000 0001 03   676 /run/dbus/system_bus_socket
0000000000000000: 00000002 00000000 00010000 0001 01 18551 /run/user/1001/bus
0000000000000000: 00000002 00000000 00010000 0001 01 18552 /run/user/1001/gnupg/S.dirmngr
0000000000000000: 00000002 00000000 00010000 0001 01 18554 /run/user/1001/gnupg/S.gpg-agent.browser
0000000000000000: 00000002 00000000 00010000 0001 01 18556 /run/user/1001/gnupg/S.gpg-agent.extra
0000000000000000: 00000002 00000000 00000000 0002 03  8736
0000000000000000: 00000002 00000000 00010000 0001 01 18558 /run/user/1001/gnupg/S.gpg-agent
0000000000000000: 00000002 00000000 00010000 0001 01 18560 /run/user/1001/gnupg/S.keyboxd
0000000000000000: 00000002 00000000 00010000 0001 01 18562 /run/user/1001/pk-debconf-socket
0000000000000000: 00000002 00000000 00010000 0001 01 18564 /run/user/1001/snapd-session-agent.socket
0000000000000000: 00000002 00000000 00010000 0001 01 18572 /run/user/1001/gnupg/S.gpg-agent.ssh
0000000000000000: 00000003 00000000 00000000 0001 03 11621 /run/systemd/journal/stdout
0000000000000000: 00000003 00000000 00000000 0001 03 17655 /run/dbus/system_bus_socket
0000000000000000: 00000002 00000000 00010000 0001 01   915 /var/run/docker/libnetwork/967bbfa3eaf2.sock
0000000000000000: 00000003 00000000 00000000 0001 03 13472 /run/systemd/journal/stdout
0000000000000000: 00000003 00000000 00000000 0002 03  5099
0000000000000000: 00000003 00000000 00000000 0001 03   578 /run/systemd/journal/stdout
0000000000000000: 00000003 00000000 00000000 0001 03 10861
0000000000000000: 00000003 00000000 00000000 0001 03  8420
0000000000000000: 00000003 00000000 00000000 0001 03  3807 /run/containerd/containerd.sock.ttrpc
0000000000000000: 00000002 00000000 00000000 0002 03  5093
0000000000000000: 00000002 00000000 00000000 0002 03  9154
0000000000000000: 00000002 00000000 00000000 0002 03 12204
0000000000000000: 00000003 00000000 00000000 0002 03  5100
0000000000000000: 00000003 00000000 00000000 0001 03 10745
0000000000000000: 00000003 00000000 00000000 0001 03 13528
0000000000000000: 00000002 00000000 00010000 0001 01  3673 /run/systemd/resolve/io.systemd.Resolve
0000000000000000: 00000002 00000000 00010000 0001 01  3674 /run/systemd/resolve/io.systemd.Resolve.Monitor
0000000000000000: 00000002 00000000 00000000 0002 03  8162
0000000000000000: 00000003 00000000 00000000 0001 03 12234
0000000000000000: 00000002 00000000 00010000 0001 01 12340 /run/dbus/system_bus_socket
0000000000000000: 00000003 00000000 00000000 0001 03 10249 /run/systemd/journal/stdout
0000000000000000: 00000002 00000000 00010000 0001 01 12342 /run/docker.sock
0000000000000000: 00000002 00000000 00010000 0001 01 12345 /run/lxd-installer.socket
0000000000000000: 00000003 00000000 00000000 0002 03 10639
0000000000000000: 00000002 00000000 00010000 0001 01 12347 /run/snapd.socket
0000000000000000: 00000002 00000000 00010000 0001 01 12349 /run/snapd-snap.socket
0000000000000000: 00000002 00000000 00010000 0001 01 12353 /run/uuidd/request
0000000000000000: 00000003 00000000 00000000 0002 03  5101
0000000000000000: 00000003 00000000 00000000 0001 03 12384 /run/systemd/journal/stdout
0000000000000000: 00000003 00000000 00000000 0001 03  9073
0000000000000000: 00000002 00000000 00000000 0002 03  4722
0000000000000000: 00000003 00000000 00000000 0001 03 14024
0000000000000000: 00000003 00000000 00000000 0002 03 10640
0000000000000000: 00000003 00000000 00000000 0001 03 12235
0000000000000000: 00000003 00000000 00000000 0001 03 13327
0000000000000000: 00000002 00000000 00000000 0002 01 10744
0000000000000000: 00000002 00000000 00000000 0001 03 12189
0000000000000000: 00000003 00000000 00000000 0002 03 10641
0000000000000000: 00000003 00000000 00000000 0001 03  9152
0000000000000000: 00000003 00000000 00000000 0002 03  5098
0000000000000000: 00000003 00000000 00000000 0001 03  9047
0000000000000000: 00000003 00000000 00000000 0001 03 10723
0000000000000000: 00000003 00000000 00000000 0001 03 12465 /run/systemd/journal/stdout
0000000000000000: 00000003 00000000 00000000 0001 03 18513
0000000000000000: 00000003 00000000 00000000 0001 03   673 /run/dbus/system_bus_socket
0000000000000000: 00000003 00000000 00000000 0001 03 11622 /run/systemd/journal/stdout
0000000000000000: 00000003 00000000 00000000 0002 03  3169 /run/systemd/notify
0000000000000000: 00000002 00000000 00010000 0001 01  3172 /run/systemd/private
0000000000000000: 00000003 00000000 00000000 0002 03 18542
0000000000000000: 00000003 00000000 00000000 0001 03 11628
0000000000000000: 00000003 00000000 00000000 0001 03  3537 /run/systemd/journal/stdout
0000000000000000: 00000002 00000000 00010000 0001 01  3174 /run/systemd/userdb/io.systemd.DynamicUser
0000000000000000: 00000002 00000000 00010000 0001 01  3175 /run/systemd/io.systemd.ManagedOOM
0000000000000000: 00000003 00000000 00000000 0001 03 11685
0000000000000000: 00000003 00000000 00000000 0001 03  3292
0000000000000000: 00000002 00000000 00010000 0001 01  3189 /run/lvm/lvmpolld.socket
0000000000000000: 00000003 00000000 00000000 0001 03 18666 /run/systemd/journal/stdout
0000000000000000: 00000002 00000000 00000000 0002 01  3192 /run/systemd/journal/syslog
0000000000000000: 00000003 00000000 00000000 0001 03 11740 /run/docker/plugins/katharanp.sock
0000000000000000: 00000003 00000000 00000000 0001 03  4799 /run/systemd/journal/stdout
0000000000000000: 00000002 00000000 00010000 0001 01  3194 /run/systemd/fsck.progress
0000000000000000: 00000003 00000000 00000000 0001 03   405
0000000000000000: 00000003 00000000 00000000 0001 03   314 /run/systemd/journal/stdout
0000000000000000: 0000000A 00000000 00000000 0002 03  3196 /run/systemd/journal/dev-log
0000000000000000: 00000009 00000000 00000000 0002 03  3198 /run/systemd/journal/socket
0000000000000000: 00000002 00000000 00010000 0001 01  3200 /run/systemd/journal/stdout
0000000000000000: 00000003 00000000 00000000 0001 03 12408
0000000000000000: 00000002 00000000 00010000 0005 01  3204 /run/udev/control
0000000000000000: 00000003 00000000 00000000 0001 03  3764
0000000000000000: 00000003 00000000 00000000 0001 03  5845
0000000000000000: 00000003 00000000 00000000 0001 03   674 /run/dbus/system_bus_socket
0000000000000000: 00000003 00000000 00000000 0001 03  3706
0000000000000000: 00000002 00000000 00000000 0002 03  3298
0000000000000000: 00000002 00000000 00010000 0001 01  8159 /run/systemd/journal/io.systemd.journal
0000000000000000: 00000003 00000000 00000000 0001 03  3929
0000000000000000: 00000003 00000000 00000000 0001 03 11729 /run/containerd/containerd.sock
0000000000000000: 00000003 00000000 00000000 0002 03  3171
0000000000000000: 00000003 00000000 00000000 0001 03  3811
0000000000000000: 00000002 00000000 00010000 0001 01   723 /run/containerd/containerd.sock.ttrpc
0000000000000000: 00000002 00000000 00010000 0001 01   726 /run/containerd/containerd.sock
0000000000000000: 00000003 00000000 00000000 0001 03 13003
0000000000000000: 00000002 00000000 00000000 0002 03  3744
0000000000000000: 00000003 00000000 00000000 0001 03 12208 /run/systemd/journal/stdout
0000000000000000: 00000003 00000000 00000000 0001 03  3763
0000000000000000: 00000003 00000000 00000000 0001 03 13449 /run/dbus/system_bus_socket
0000000000000000: 00000002 00000000 00000000 0002 03  9834
0000000000000000: 00000003 00000000 00000000 0001 03  3760
0000000000000000: 00000003 00000000 00000000 0002 03  3303
0000000000000000: 00000002 00000000 00000000 0002 03 18529
0000000000000000: 00000003 00000000 00000000 0001 03  9200 /run/containerd/containerd.sock
0000000000000000: 00000003 00000000 00000000 0002 03  3170
0000000000000000: 00000003 00000000 00000000 0001 03 12537 /run/systemd/journal/stdout
0000000000000000: 00000003 00000000 00000000 0001 03   677 /run/dbus/system_bus_socket
0000000000000000: 00000003 00000000 00000000 0001 03 17518 /run/dbus/system_bus_socket
0000000000000000: 00000002 00000000 00000000 0002 03 18522
0000000000000000: 00000003 00000000 00000000 0001 03   669
0000000000000000: 00000002 00000000 00000000 0002 03  3725
0000000000000000: 00000003 00000000 00000000 0001 03   670
0000000000000000: 00000002 00000000 00010000 0001 01 11728 /var/run/docker/metrics.sock
0000000000000000: 00000003 00000000 00000000 0002 03 18541
0000000000000000: 00000003 00000000 00000000 0001 03  9091 /run/dbus/system_bus_socket
0000000000000000: 00000003 00000000 00000000 0001 03 11630
0000000000000000: 00000003 00000000 00000000 0001 03 12383 /run/systemd/journal/stdout
0000000000000000: 00000002 00000000 00010000 0001 01 10854 /run/containerd/s/c37f9f82c45ac62d9577427c0e635892cdb92242df801df43795fa58078f2ce9
0000000000000000: 00000002 00000000 00000000 0002 03 11578
0000000000000000: 00000003 00000000 00000000 0001 03 12470
0000000000000000: 00000003 00000000 00000000 0001 03 10752 /run/systemd/journal/stdout
0000000000000000: 00000003 00000000 00000000 0002 03  3302
0000000000000000: 00000002 00000000 00000000 0002 03   668
0000000000000000: 00000002 00000000 00010000 0001 01  5801 /run/systemd/io.systemd.sysext
0000000000000000: 00000003 00000000 00000000 0001 03  9548
0000000000000000: 00000003 00000000 00000000 0001 03   675 /run/dbus/system_bus_socket
0000000000000000: 00000003 00000000 00000000 0001 03 11731
0000000000000000: 00000002 00000000 00000000 0002 03 13004
0000000000000000: 00000003 00000000 00000000 0001 03  3538 /run/systemd/journal/stdout
0000000000000000: 00000003 00000000 00000000 0001 03 18544 @5cd64b6cda8c478e/bus/systemd/bus-system
0000000000000000: 00000003 00000000 00000000 0001 03  9819 @74440d64df825d9b/bus/systemd/bus-api-system
0000000000000000: 00000002 00000000 00010000 0001 01  3191 @/org/kernel/linux/storage/multipathd
0000000000000000: 00000003 00000000 00000000 0001 03   576 @5f6dfe3c1db1a5b2/bus/systemd-timesyn/bus-api-timesync
0000000000000000: 00000003 00000000 00000000 0001 03  3737 @a17337cc0ab18835/bus/systemd-logind/system
0000000000000000: 00000003 00000000 00000000 0001 03  8974 @e56094dad6c8faa8/bus/systemd-network/bus-api-network
0000000000000000: 00000002 00000000 00010000 0001 01 12344 @ISCSIADM_ABSTRACT_NAMESPACE
0000000000000000: 00000003 00000000 00000000 0001 03  3676 @cc72040777009ea3/bus/systemd-resolve/bus-api-resolve
