#group: free  frags first [ 2^0   2^1   2^2   2^3   2^4   2^5   2^6   2^7   2^8   2^9   2^10  2^11  2^12  2^13  ]
#0    : 7159  4     19538 [ 3     6     6     6     0     5     6     3     4     4     1     1     0     0     ]
#1    : 14558 963   1030  [ 1114  1090  1014  499   71    5     4     3     5     0     0     0     0     0     ]
#2    : 7594  528   26    [ 550   570   522   273   32    3     0     6     1     0     0     0     0     0     ]
#3    : 15100 1025  1032  [ 1162  1247  1259  507   75    4     6     3     1     0     0     0     0     0     ]
#4    : 13252 810   242   [ 944   1036  1063  400   26    6     6     4     5     0     0     0     0     0     ]
#5    : 9031  598   1893  [ 667   668   613   300   56    2     3     4     2     0     0     0     0     0     ]
#6    : 4398  50    953   [ 30    34    33    43    21    7     5     9     3     2     0     0     0     0     ]
#7    : 26692 2     4028  [ 0     0     1     0     0     0     1     0     0     0     0     1     0     3     ]
#8    : 32768 1     0     [ 0     0     0     0     0     0     0     0     0     0     0     0     0     4     ]
#9    : 12146 2     1934  [ 0     1     0     0     1     1     1     0     1     1     1     3     1     0     ]
#10   : 2060  8     1859  [ 6     5     3     2     4     3     3     3     1     0     1     0     0     0     ]
#11   : 21888 3     6144  [ 2     1     3     2     2     2     2     1     2     1     2     3     1     1     ]
#12   : 4805  56    0     [ 41    42    48    43    17    5     4     3     6     3     0     0     0     0     ]
#13   : 3312  31    231   [ 16    24    16    20    9     6     6     6     2     0     1     0     0     0     ]
#14   : 823   6     14763 [ 3     4     5     3     2     1     3     0     2     0     0     0     0     0     ]
#15   : 3906  222   87    [ 128   121   138   159   87    4     1     1     0     0     0     0     0     0     ]
#16   : 24559 1     8209  [ 1     1     1     1     0     1     1     1     1     1     1     1     1     2     ]
#17   : 6614  308   94    [ 156   143   157   157   72    38    30    0     0     0     0     0     0     0     ]
#18   : 8492  127   127   [ 66    61    62    67    68    25    20    34    0     0     0     0     0     0     ]
#19   : 867   61    278   [ 19    40    22    31    23    0     1     0     0     0     0     0     0     0     ]
#20   : 2452  136   4370  [ 64    76    79    72    64    10    0     0     0     0     0     0     0     0     ]
#21   : 13120 406   596   [ 210   217   229   291   63    1     0     0     0     0     0     0     0     1     ]
#22   : 15114 236   226   [ 126   142   154   163   51    2     0     1     0     1     1     1     0     1     ]
#23   : 32768 1     0     [ 0     0     0     0     0     0     0     0     0     0     0     0     0     4     ]
#24   : 31398 10    0     [ 6     6     3     5     4     1     2     1     3     1     1     2     2     2     ]
#25   : 19889 123   1030  [ 81    80    98    97    23    6     10    5     3     3     2     2     2     0     ]
#26   : 24352 117   59    [ 66    63    76    72    39    0     0     1     0     0     0     1     1     2     ]
#27   : 25926 2     1030  [ 0     1     1     2     1     1     2     1     2     1     0     2     1     2     ]
#28   : 32768 1     0     [ 0     0     0     0     0     0     0     0     0     0     0     0     0     4     ]
#29   : 32768 1     0     [ 0     0     0     0     0     0     0     0     0     0     0     0     0     4     ]
#30   : 32768 1     0     [ 0     0     0     0     0     0     0     0     0     0     0     0     0     4     ]
#31   : 32768 1     0     [ 0     0     0     0     0     0     0     0     0     0     0     0     0     4     ]
#32   : 24542 6     8212  [ 6     0     0     1     1     0     1     1     1     1     1     1     1     2     ]
#33   : 32767 2     0     [ 1     1     1     1     1     1     1     1     1     1     1     1     1     3     ]
#34   : 32768 1     0     [ 0     0     0     0     0     0     0     0     0     0     0     0     0     4     ]
#35   : 32768 1     0     [ 0     0     0     0     0     0     0     0     0     0     0     0     0     4     ]
#36   : 32768 1     0     [ 0     0     0     0     0     0     0     0     0     0     0     0     0     4     ]
#37   : 32768 1     0     [ 0     0     0     0     0     0     0     0     0     0     0     0     0     4     ]
#38   : 32768 1     0     [ 0     0     0     0     0     0     0     0     0     0     0     0     0     4     ]
#39   : 32768 1     0     [ 0     0     0     0     0     0     0     0     0     0     0     0     0     4     ]
#40   : 32768 1     0     [ 0     0     0     0     0     0     0     0     0     0     0     0     0     4     ]
#41   : 32768 1     0     [ 0     0     0     0     0     0     0     0     0     0     0     0     0     4     ]
#42   : 32768 1     0     [ 0     0     0     0     0     0     0     0     0     0     0     0     0     4     ]
#43   : 32768 1     0     [ 0     0     0     0     0     0     0     0     0     0     0     0     0     4     ]
#44   : 32768 1     0     [ 0     0     0     0     0     0     0     0     0     0     0     0     0     4     ]
#45   : 32768 1     0     [ 0     0     0     0     0     0     0     0     0     0     0     0     0     4     ]
#46   : 32768 1     0     [ 0     0     0     0     0     0     0     0     0     0     0     0     0     4     ]
#47   : 32768 1     0     [ 0     0     0     0     0     0     0     0     0     0     0     0     0     4     ]
#48   : 24552 1     8216  [ 0     0     0     1     0     1     1     1     1     1     1     1     1     2     ]
#49   : 31152 1     1616  [ 0     0     0     0     1     1     0     1     1     0     0     1     1     3     ]
#50   : 32768 1     0     [ 0     0     0     0     0     0     0     0     0     0     0     0     0     4     ]
#51   : 32768 1     0     [ 0     0     0     0     0     0     0     0     0     0     0     0     0     4     ]
#52   : 32768 1     0     [ 0     0     0     0     0     0     0     0     0     0     0     0     0     4     ]
#53   : 32768 1     0     [ 0     0     0     0     0     0     0     0     0     0     0     0     0     4     ]
#54   : 32768 1     0     [ 0     0     0     0     0     0     0     0     0     0     0     0     0     4     ]
#55   : 32768 1     0     [ 0     0     0     0     0     0     0     0     0     0     0     0     0     4     ]
#56   : 32768 1     0     [ 0     0     0     0     0     0     0     0     0     0     0     0     0     4     ]
#57   : 32768 1     0     [ 0     0     0     0     0     0     0     0     0     0     0     0     0     4     ]
#58   : 32768 1     0     [ 0     0     0     0     0     0     0     0     0     0     0     0     0     4     ]
#59   : 32768 1     0     [ 0     0     0     0     0     0     0     0     0     0     0     0     0     4     ]
#60   : 32768 1     0     [ 0     0     0     0     0     0     0     0     0     0     0     0     0     4     ]
#61   : 32768 1     0     [ 0     0     0     0     0     0     0     0     0     0     0     0     0     4     ]
#62   : 32768 1     0     [ 0     0     0     0     0     0     0     0     0     0     0     0     0     4     ]
#63   : 32768 1     0     [ 0     0     0     0     0     0     0     0     0     0     0     0     0     4     ]
#64   : 20534 17    9296  [ 6     14    1     0     1     0     0     0     0     0     0     0     1     2     ]
#65   : 2824  157   500   [ 150   79    59    19    5     0     0     6     5     0     0     0     0     0     ]
#66   : 3251  111   816   [ 103   66    34    18    7     0     1     2     1     0     0     1     0     0     ]
#67   : 1525  79    2551  [ 83    37    12    7     5     1     0     1     0     0     1     0     0     0     ]
#68   : 22061 98    0     [ 89    38    10    8     4     5     5     2     0     1     2     1     0     2     ]
#69   : 32533 1     235   [ 1     0     1     0     1     0     0     0     1     1     1     1     1     3     ]
#70   : 9949  3     0     [ 1     2     0     1     1     2     2     2     1     0     1     2     1     0     ]
#71   : 32768 1     0     [ 0     0     0     0     0     0     0     0     0     0     0     0     0     4     ]
#72   : 32160 18    0     [ 12    14    14    14    3     1     2     2     3     2     3     3     3     1     ]
#73   : 32768 1     0     [ 0     0     0     0     0     0     0     0     0     0     0     0     0     4     ]
#74   : 30640 13    0     [ 8     10    11    11    3     1     1     1     2     2     2     1     0     3     ]
#75   : 32757 2     0     [ 1     0     1     0     1     1     1     1     1     1     1     1     1     3     ]
#76   : 15587 2     17180 [ 1     1     2     1     1     2     0     1     0     0     1     1     1     1     ]
#77   : 30536 11    0     [ 8     6     7     7     4     3     5     2     2     3     3     0     2     2     ]
#78   : 9040  25    0     [ 16    20    24    23    20    6     0     0     0     2     1     1     1     0     ]
#79   : 21033 15    3413  [ 7     11    11    14    9     7     2     1     3     2     2     0     0     2     ]
#80   : 19035 1     13733 [ 1     1     0     1     1     0     1     0     0     1     0     1     0     2     ]
#81   : 2763  117   1131  [ 111   72    37    17    7     0     1     0     8     0     0     0     0     0     ]
#82   : 18    8     6445  [ 6     6     0     0     0     0     0     0     0     0     0     0     0     0     ]
#83   : 8350  56    18432 [ 52    29    24    20    15    14    18    16    16    0     0     0     0     0     ]
#84   : 23388 31    756   [ 26    19    13    11    9     12    6     6     8     2     0     3     1     1     ]
#85   : 24262 8     925   [ 6     8     8     8     7     9     5     3     6     6     6     2     2     0     ]
#86   : 32768 1     0     [ 0     0     0     0     0     0     0     0     0     0     0     0     0     4     ]
#87   : 32768 1     0     [ 0     0     0     0     0     0     0     0     0     0     0     0     0     4     ]
#88   : 32768 1     0     [ 0     0     0     0     0     0     0     0     0     0     0     0     0     4     ]
#89   : 32768 1     0     [ 0     0     0     0     0     0     0     0     0     0     0     0     0     4     ]
#90   : 32768 1     0     [ 0     0     0     0     0     0     0     0     0     0     0     0     0     4     ]
#91   : 32768 1     0     [ 0     0     0     0     0     0     0     0     0     0     0     0     0     4     ]
#92   : 32768 1     0     [ 0     0     0     0     0     0     0     0     0     0     0     0     0     4     ]
#93   : 32768 1     0     [ 0     0     0     0     0     0     0     0     0     0     0     0     0     4     ]
#94   : 32768 1     0     [ 0     0     0     0     0     0     0     0     0     0     0     0     0     4     ]
#95   : 32768 1     0     [ 0     0     0     0     0     0     0     0     0     0     0     0     0     4     ]
#96   : 21959 9     8757  [ 9     3     0     1     1     1     2     2     2     1     0     0     1     2     ]
#97   : 15748 122   208   [ 98    77    56    45    38    31    24    24    34    0     0     0     0     0     ]
#98   : 19740 133   440   [ 96    84    87    91    52    17    30    36    41    0     0     0     0     0     ]
#99   : 15455 43    925   [ 39    32    36    33    18    16    23    15    14    0     1     1     1     0     ]
#100  : 16745 17    0     [ 9     10    9     7     11    4     7     10    7     3     1     1     0     1     ]
#101  : 25939 5     0     [ 3     2     3     6     5     4     5     4     5     2     2     2     0     2     ]
#102  : 20342 10    925   [ 10    14    10    13    14    15    12    10    10    7     1     1     0     1     ]
#103  : 2365  9     926   [ 5     2     5     2     3     3     4     3     4     1     0     0     0     0     ]
#104  : 1512  13    2664  [ 12    6     4     6     3     1     5     2     3     0     0     0     0     0     ]
#105  : 887   5     19544 [ 1     1     1     2     2     2     0     2     2     0     0     0     0     0     ]
#106  : 146   5     16601 [ 4     3     4     1     1     1     1     0     0     0     0     0     0     0     ]
#107  : 26630 6     4940  [ 4     3     5     5     4     0     0     1     1     1     1     0     0     3     ]
#108  : 27532 9     0     [ 6     7     6     6     7     4     5     4     3     2     2     1     1     2     ]
#109  : 30721 1     2047  [ 1     0     0     0     0     0     0     0     0     0     0     1     1     3     ]
#110  : 10528 7     2047  [ 8     4     8     4     7     3     2     1     1     3     0     0     0     1     ]
#111  : 16005 8     2213  [ 5     8     4     6     5     5     3     1     4     4     4     0     2     0     ]
#112  : 15778 5     8236  [ 4     1     1     1     1     0     0     1     1     0     1     1     1     1     ]
#113  : 49    8     3700  [ 1     4     4     3     0     0     0     0     0     0     0     0     0     0     ]
#114  : 112   14    1011  [ 10    5     7     6     1     0     0     0     0     0     0     0     0     0     ]
#115  : 47    3     3070  [ 1     3     2     2     1     0     0     0     0     0     0     0     0     0     ]
#116  : 69    28    7488  [ 29    6     1     3     0     0     0     0     0     0     0     0     0     0     ]
#117  : 1372  31    1535  [ 24    24    19    19    7     6     4     0     2     0     0     0     0     0     ]
#118  : 32768 1     0     [ 0     0     0     0     0     0     0     0     0     0     0     0     0     4     ]
#119  : 32768 1     0     [ 0     0     0     0     0     0     0     0     0     0     0     0     0     4     ]
#120  : 32768 1     0     [ 0     0     0     0     0     0     0     0     0     0     0     0     0     4     ]
#121  : 32768 1     0     [ 0     0     0     0     0     0     0     0     0     0     0     0     0     4     ]
#122  : 32768 1     0     [ 0     0     0     0     0     0     0     0     0     0     0     0     0     4     ]
#123  : 32768 1     0     [ 0     0     0     0     0     0     0     0     0     0     0     0     0     4     ]
#124  : 32768 1     0     [ 0     0     0     0     0     0     0     0     0     0     0     0     0     4     ]
#125  : 31738 1     1030  [ 0     1     0     1     1     1     1     1     1     1     0     1     1     3     ]
#126  : 32768 1     0     [ 0     0     0     0     0     0     0     0     0     0     0     0     0     4     ]
#127  : 32768 1     0     [ 0     0     0     0     0     0     0     0     0     0     0     0     0     4     ]
#128  : 23479 3     9269  [ 1     1     1     0     1     1     0     1     1     1     0     1     1     2     ]
#129  : 8292  137   18    [ 126   49    23    13    4     2     1     2     3     1     0     1     1     0     ]
#130  : 32768 1     0     [ 0     0     0     0     0     0     0     0     0     0     0     0     0     4     ]
#131  : 32768 1     0     [ 0     0     0     0     0     0     0     0     0     0     0     0     0     4     ]
#132  : 32768 1     0     [ 0     0     0     0     0     0     0     0     0     0     0     0     0     4     ]
#133  : 32768 1     0     [ 0     0     0     0     0     0     0     0     0     0     0     0     0     4     ]
#134  : 32768 1     0     [ 0     0     0     0     0     0     0     0     0     0     0     0     0     4     ]
#135  : 32768 1     0     [ 0     0     0     0     0     0     0     0     0     0     0     0     0     4     ]
#136  : 32768 1     0     [ 0     0     0     0     0     0     0     0     0     0     0     0     0     4     ]
#137  : 32768 1     0     [ 0     0     0     0     0     0     0     0     0     0     0     0     0     4     ]
#138  : 32768 1     0     [ 0     0     0     0     0     0     0     0     0     0     0     0     0     4     ]
#139  : 32768 1     0     [ 0     0     0     0     0     0     0     0     0     0     0     0     0     4     ]
#140  : 32768 1     0     [ 0     0     0     0     0     0     0     0     0     0     0     0     0     4     ]
#141  : 32768 1     0     [ 0     0     0     0     0     0     0     0     0     0     0     0     0     4     ]
#142  : 32768 1     0     [ 0     0     0     0     0     0     0     0     0     0     0     0     0     4     ]
#143  : 32768 1     0     [ 0     0     0     0     0     0     0     0     0     0     0     0     0     4     ]
#144  : 24558 1     8210  [ 0     1     1     1     0     1     1     1     1     1     1     1     1     2     ]
#145  : 0     0     32768 [ 0     0     0     0     0     0     0     0     0     0     0     0     0     0     ]
#146  : 0     0     32768 [ 0     0     0     0     0     0     0     0     0     0     0     0     0     0     ]
#147  : 32768 1     0     [ 0     0     0     0     0     0     0     0     0     0     0     0     0     4     ]
#148  : 32768 1     0     [ 0     0     0     0     0     0     0     0     0     0     0     0     0     4     ]
#149  : 32768 1     0     [ 0     0     0     0     0     0     0     0     0     0     0     0     0     4     ]
#150  : 32768 1     0     [ 0     0     0     0     0     0     0     0     0     0     0     0     0     4     ]
#151  : 32768 1     0     [ 0     0     0     0     0     0     0     0     0     0     0     0     0     4     ]
#152  : 32768 1     0     [ 0     0     0     0     0     0     0     0     0     0     0     0     0     4     ]
#153  : 32768 1     0     [ 0     0     0     0     0     0     0     0     0     0     0     0     0     4     ]
#154  : 32768 1     0     [ 0     0     0     0     0     0     0     0     0     0     0     0     0     4     ]
#155  : 32768 1     0     [ 0     0     0     0     0     0     0     0     0     0     0     0     0     4     ]
#156  : 32768 1     0     [ 0     0     0     0     0     0     0     0     0     0     0     0     0     4     ]
#157  : 32768 1     0     [ 0     0     0     0     0     0     0     0     0     0     0     0     0     4     ]
#158  : 32768 1     0     [ 0     0     0     0     0     0     0     0     0     0     0     0     0     4     ]
#159  : 32768 1     0     [ 0     0     0     0     0     0     0     0     0     0     0     0     0     4     ]
#160  : 24518 1     8250  [ 0     1     1     0     0     0     1     1     1     1     1     1     1     2     ]
#161  : 32734 7     0     [ 6     0     2     0     1     0     1     1     1     1     1     1     1     3     ]
#162  : 32768 1     0     [ 0     0     0     0     0     0     0     0     0     0     0     0     0     4     ]
#163  : 32768 1     0     [ 0     0     0     0     0     0     0     0     0     0     0     0     0     4     ]
#164  : 32768 1     0     [ 0     0     0     0     0     0     0     0     0     0     0     0     0     4     ]
#165  : 32768 1     0     [ 0     0     0     0     0     0     0     0     0     0     0     0     0     4     ]
#166  : 32768 1     0     [ 0     0     0     0     0     0     0     0     0     0     0     0     0     4     ]
#167  : 32768 1     0     [ 0     0     0     0     0     0     0     0     0     0     0     0     0     4     ]
#168  : 32768 1     0     [ 0     0     0     0     0     0     0     0     0     0     0     0     0     4     ]
#169  : 32768 1     0     [ 0     0     0     0     0     0     0     0     0     0     0     0     0     4     ]
#170  : 32768 1     0     [ 0     0     0     0     0     0     0     0     0     0     0     0     0     4     ]
#171  : 32768 1     0     [ 0     0     0     0     0     0     0     0     0     0     0     0     0     4     ]
#172  : 32768 1     0     [ 0     0     0     0     0     0     0     0     0     0     0     0     0     4     ]
#173  : 32768 1     0     [ 0     0     0     0     0     0     0     0     0     0     0     0     0     4     ]
#174  : 32768 1     0     [ 0     0     0     0     0     0     0     0     0     0     0     0     0     4     ]
#175  : 32768 1     0     [ 0     0     0     0     0     0     0     0     0     0     0     0     0     4     ]
#176  : 24558 1     8210  [ 0     1     1     1     0     1     1     1     1     1     1     1     1     2     ]
#177  : 32768 1     0     [ 0     0     0     0     0     0     0     0     0     0     0     0     0     4     ]
#178  : 32768 1     0     [ 0     0     0     0     0     0     0     0     0     0     0     0     0     4     ]
#179  : 32768 1     0     [ 0     0     0     0     0     0     0     0     0     0     0     0     0     4     ]
#180  : 32768 1     0     [ 0     0     0     0     0     0     0     0     0     0     0     0     0     4     ]
#181  : 32768 1     0     [ 0     0     0     0     0     0     0     0     0     0     0     0     0     4     ]
#182  : 32768 1     0     [ 0     0     0     0     0     0     0     0     0     0     0     0     0     4     ]
#183  : 32768 1     0     [ 0     0     0     0     0     0     0     0     0     0     0     0     0     4     ]
#184  : 32768 1     0     [ 0     0     0     0     0     0     0     0     0     0     0     0     0     4     ]
#185  : 32768 1     0     [ 0     0     0     0     0     0     0     0     0     0     0     0     0     4     ]
#186  : 32768 1     0     [ 0     0     0     0     0     0     0     0     0     0     0     0     0     4     ]
#187  : 32768 1     0     [ 0     0     0     0     0     0     0     0     0     0     0     0     0     4     ]
#188  : 32768 1     0     [ 0     0     0     0     0     0     0     0     0     0     0     0     0     4     ]
#189  : 32768 1     0     [ 0     0     0     0     0     0     0     0     0     0     0     0     0     4     ]
#190  : 32768 1     0     [ 0     0     0     0     0     0     0     0     0     0     0     0     0     4     ]
#191  : 32768 1     0     [ 0     0     0     0     0     0     0     0     0     0     0     0     0     4     ]
#192  : 24558 1     8210  [ 0     1     1     1     0     1     1     1     1     1     1     1     1     2     ]
#193  : 32768 1     0     [ 0     0     0     0     0     0     0     0     0     0     0     0     0     4     ]
#194  : 32768 1     0     [ 0     0     0     0     0     0     0     0     0     0     0     0     0     4     ]
#195  : 32768 1     0     [ 0     0     0     0     0     0     0     0     0     0     0     0     0     4     ]
#196  : 32768 1     0     [ 0     0     0     0     0     0     0     0     0     0     0     0     0     4     ]
#197  : 32768 1     0     [ 0     0     0     0     0     0     0     0     0     0     0     0     0     4     ]
#198  : 32768 1     0     [ 0     0     0     0     0     0     0     0     0     0     0     0     0     4     ]
#199  : 32768 1     0     [ 0     0     0     0     0     0     0     0     0     0     0     0     0     4     ]
#200  : 32768 1     0     [ 0     0     0     0     0     0     0     0     0     0     0     0     0     4     ]
#201  : 32768 1     0     [ 0     0     0     0     0     0     0     0     0     0     0     0     0     4     ]
#202  : 32768 1     0     [ 0     0     0     0     0     0     0     0     0     0     0     0     0     4     ]
#203  : 32768 1     0     [ 0     0     0     0     0     0     0     0     0     0     0     0     0     4     ]
#204  : 32768 1     0     [ 0     0     0     0     0     0     0     0     0     0     0     0     0     4     ]
#205  : 32768 1     0     [ 0     0     0     0     0     0     0     0     0     0     0     0     0     4     ]
#206  : 32768 1     0     [ 0     0     0     0     0     0     0     0     0     0     0     0     0     4     ]
#207  : 32768 1     0     [ 0     0     0     0     0     0     0     0     0     0     0     0     0     4     ]
#208  : 24559 1     8209  [ 1     1     1     1     0     1     1     1     1     1     1     1     1     2     ]
#209  : 32768 1     0     [ 0     0     0     0     0     0     0     0     0     0     0     0     0     4     ]
#210  : 32768 1     0     [ 0     0     0     0     0     0     0     0     0     0     0     0     0     4     ]
#211  : 32768 1     0     [ 0     0     0     0     0     0     0     0     0     0     0     0     0     4     ]
#212  : 32768 1     0     [ 0     0     0     0     0     0     0     0     0     0     0     0     0     4     ]
#213  : 32768 1     0     [ 0     0     0     0     0     0     0     0     0     0     0     0     0     4     ]
#214  : 32768 1     0     [ 0     0     0     0     0     0     0     0     0     0     0     0     0     4     ]
#215  : 32768 1     0     [ 0     0     0     0     0     0     0     0     0     0     0     0     0     4     ]
#216  : 32768 1     0     [ 0     0     0     0     0     0     0     0     0     0     0     0     0     4     ]
#217  : 32768 1     0     [ 0     0     0     0     0     0     0     0     0     0     0     0     0     4     ]
#218  : 32768 1     0     [ 0     0     0     0     0     0     0     0     0     0     0     0     0     4     ]
#219  : 32768 1     0     [ 0     0     0     0     0     0     0     0     0     0     0     0     0     4     ]
#220  : 32768 1     0     [ 0     0     0     0     0     0     0     0     0     0     0     0     0     4     ]
#221  : 32768 1     0     [ 0     0     0     0     0     0     0     0     0     0     0     0     0     4     ]
#222  : 32768 1     0     [ 0     0     0     0     0     0     0     0     0     0     0     0     0     4     ]
#223  : 32768 1     0     [ 0     0     0     0     0     0     0     0     0     0     0     0     0     4     ]
#224  : 24532 1     8236  [ 0     0     1     0     1     0     1     1     1     1     1     1     1     2     ]
#225  : 32768 1     0     [ 0     0     0     0     0     0     0     0     0     0     0     0     0     4     ]
#226  : 32768 1     0     [ 0     0     0     0     0     0     0     0     0     0     0     0     0     4     ]
#227  : 32768 1     0     [ 0     0     0     0     0     0     0     0     0     0     0     0     0     4     ]
#228  : 32768 1     0     [ 0     0     0     0     0     0     0     0     0     0     0     0     0     4     ]
#229  : 32768 1     0     [ 0     0     0     0     0     0     0     0     0     0     0     0     0     4     ]
#230  : 32768 1     0     [ 0     0     0     0     0     0     0     0     0     0     0     0     0     4     ]
#231  : 32768 1     0     [ 0     0     0     0     0     0     0     0     0     0     0     0     0     4     ]
#232  : 32768 1     0     [ 0     0     0     0     0     0     0     0     0     0     0     0     0     4     ]
#233  : 32768 1     0     [ 0     0     0     0     0     0     0     0     0     0     0     0     0     4     ]
#234  : 32768 1     0     [ 0     0     0     0     0     0     0     0     0     0     0     0     0     4     ]
#235  : 32768 1     0     [ 0     0     0     0     0     0     0     0     0     0     0     0     0     4     ]
#236  : 32768 1     0     [ 0     0     0     0     0     0     0     0     0     0     0     0     0     4     ]
#237  : 32768 1     0     [ 0     0     0     0     0     0     0     0     0     0     0     0     0     4     ]
#238  : 32768 1     0     [ 0     0     0     0     0     0     0     0     0     0     0     0     0     4     ]
#239  : 32768 1     0     [ 0     0     0     0     0     0     0     0     0     0     0     0     0     4     ]
#240  : 24559 1     8209  [ 1     1     1     1     0     1     1     1     1     1     1     1     1     2     ]
#241  : 32768 1     0     [ 0     0     0     0     0     0     0     0     0     0     0     0     0     4     ]
#242  : 32768 1     0     [ 0     0     0     0     0     0     0     0     0     0     0     0     0     4     ]
#243  : 31738 1     1030  [ 0     1     0     1     1     1     1     1     1     1     0     1     1     3     ]
#244  : 32768 1     0     [ 0     0     0     0     0     0     0     0     0     0     0     0     0     4     ]
#245  : 32768 1     0     [ 0     0     0     0     0     0     0     0     0     0     0     0     0     4     ]
#246  : 32768 1     0     [ 0     0     0     0     0     0     0     0     0     0     0     0     0     4     ]
#247  : 32768 1     0     [ 0     0     0     0     0     0     0     0     0     0     0     0     0     4     ]
#248  : 32768 1     0     [ 0     0     0     0     0     0     0     0     0     0     0     0     0     4     ]
#249  : 32768 1     0     [ 0     0     0     0     0     0     0     0     0     0     0     0     0     4     ]
#250  : 32768 1     0     [ 0     0     0     0     0     0     0     0     0     0     0     0     0     4     ]
#251  : 32768 1     0     [ 0     0     0     0     0     0     0     0     0     0     0     0     0     4     ]
#252  : 32768 1     0     [ 0     0     0     0     0     0     0     0     0     0     0     0     0     4     ]
#253  : 32768 1     0     [ 0     0     0     0     0     0     0     0     0     0     0     0     0     4     ]
#254  : 32768 1     0     [ 0     0     0     0     0     0     0     0     0     0     0     0     0     4     ]
#255  : 32768 1     0     [ 0     0     0     0     0     0     0     0     0     0     0     0     0     4     ]
#256  : 24559 1     8209  [ 1     1     1     1     0     1     1     1     1     1     1     1     1     2     ]
#257  : 32768 1     0     [ 0     0     0     0     0     0     0     0     0     0     0     0     0     4     ]
#258  : 32768 1     0     [ 0     0     0     0     0     0     0     0     0     0     0     0     0     4     ]
#259  : 32768 1     0     [ 0     0     0     0     0     0     0     0     0     0     0     0     0     4     ]
#260  : 32768 1     0     [ 0     0     0     0     0     0     0     0     0     0     0     0     0     4     ]
#261  : 32768 1     0     [ 0     0     0     0     0     0     0     0     0     0     0     0     0     4     ]
#262  : 32768 1     0     [ 0     0     0     0     0     0     0     0     0     0     0     0     0     4     ]
#263  : 32768 1     0     [ 0     0     0     0     0     0     0     0     0     0     0     0     0     4     ]
#264  : 32768 1     0     [ 0     0     0     0     0     0     0     0     0     0     0     0     0     4     ]
#265  : 32768 1     0     [ 0     0     0     0     0     0     0     0     0     0     0     0     0     4     ]
#266  : 32768 1     0     [ 0     0     0     0     0     0     0     0     0     0     0     0     0     4     ]
#267  : 32768 1     0     [ 0     0     0     0     0     0     0     0     0     0     0     0     0     4     ]
#268  : 32768 1     0     [ 0     0     0     0     0     0     0     0     0     0     0     0     0     4     ]
#269  : 32768 1     0     [ 0     0     0     0     0     0     0     0     0     0     0     0     0     4     ]
#270  : 32768 1     0     [ 0     0     0     0     0     0     0     0     0     0     0     0     0     4     ]
#271  : 32768 1     0     [ 0     0     0     0     0     0     0     0     0     0     0     0     0     4     ]
#272  : 24559 1     8209  [ 1     1     1     1     0     1     1     1     1     1     1     1     1     2     ]
#273  : 32768 1     0     [ 0     0     0     0     0     0     0     0     0     0     0     0     0     4     ]
#274  : 32768 1     0     [ 0     0     0     0     0     0     0     0     0     0     0     0     0     4     ]
#275  : 32768 1     0     [ 0     0     0     0     0     0     0     0     0     0     0     0     0     4     ]
#276  : 32768 1     0     [ 0     0     0     0     0     0     0     0     0     0     0     0     0     4     ]
#277  : 32768 1     0     [ 0     0     0     0     0     0     0     0     0     0     0     0     0     4     ]
#278  : 32768 1     0     [ 0     0     0     0     0     0     0     0     0     0     0     0     0     4     ]
#279  : 32768 1     0     [ 0     0     0     0     0     0     0     0     0     0     0     0     0     4     ]
#280  : 32768 1     0     [ 0     0     0     0     0     0     0     0     0     0     0     0     0     4     ]
#281  : 32768 1     0     [ 0     0     0     0     0     0     0     0     0     0     0     0     0     4     ]
#282  : 32768 1     0     [ 0     0     0     0     0     0     0     0     0     0     0     0     0     4     ]
#283  : 32768 1     0     [ 0     0     0     0     0     0     0     0     0     0     0     0     0     4     ]
#284  : 32768 1     0     [ 0     0     0     0     0     0     0     0     0     0     0     0     0     4     ]
#285  : 32768 1     0     [ 0     0     0     0     0     0     0     0     0     0     0     0     0     4     ]
#286  : 32768 1     0     [ 0     0     0     0     0     0     0     0     0     0     0     0     0     4     ]
#287  : 32768 1     0     [ 0     0     0     0     0     0     0     0     0     0     0     0     0     4     ]
#288  : 24559 1     8209  [ 1     1     1     1     0     1     1     1     1     1     1     1     1     2     ]
#289  : 32768 1     0     [ 0     0     0     0     0     0     0     0     0     0     0     0     0     4     ]
#290  : 32768 1     0     [ 0     0     0     0     0     0     0     0     0     0     0     0     0     4     ]
#291  : 32768 1     0     [ 0     0     0     0     0     0     0     0     0     0     0     0     0     4     ]
#292  : 32768 1     0     [ 0     0     0     0     0     0     0     0     0     0     0     0     0     4     ]
#293  : 32768 1     0     [ 0     0     0     0     0     0     0     0     0     0     0     0     0     4     ]
#294  : 32768 1     0     [ 0     0     0     0     0     0     0     0     0     0     0     0     0     4     ]
#295  : 32768 1     0     [ 0     0     0     0     0     0     0     0     0     0     0     0     0     4     ]
#296  : 32768 1     0     [ 0     0     0     0     0     0     0     0     0     0     0     0     0     4     ]
#297  : 32768 1     0     [ 0     0     0     0     0     0     0     0     0     0     0     0     0     4     ]
#298  : 32768 1     0     [ 0     0     0     0     0     0     0     0     0     0     0     0     0     4     ]
#299  : 32768 1     0     [ 0     0     0     0     0     0     0     0     0     0     0     0     0     4     ]
#300  : 32768 1     0     [ 0     0     0     0     0     0     0     0     0     0     0     0     0     4     ]
#301  : 32768 1     0     [ 0     0     0     0     0     0     0     0     0     0     0     0     0     4     ]
#302  : 32768 1     0     [ 0     0     0     0     0     0     0     0     0     0     0     0     0     4     ]
#303  : 32768 1     0     [ 0     0     0     0     0     0     0     0     0     0     0     0     0     4     ]
#304  : 26612 1     6156  [ 0     0     1     0     1     1     1     1     1     1     1     0     0     3     ]
#305  : 32768 1     0     [ 0     0     0     0     0     0     0     0     0     0     0     0     0     4     ]
#306  : 32768 1     0     [ 0     0     0     0     0     0     0     0     0     0     0     0     0     4     ]
#307  : 32768 1     0     [ 0     0     0     0     0     0     0     0     0     0     0     0     0     4     ]
#308  : 32768 1     0     [ 0     0     0     0     0     0     0     0     0     0     0     0     0     4     ]
#309  : 32768 1     0     [ 0     0     0     0     0     0     0     0     0     0     0     0     0     4     ]
#310  : 32768 1     0     [ 0     0     0     0     0     0     0     0     0     0     0     0     0     4     ]
#311  : 32768 1     0     [ 0     0     0     0     0     0     0     0     0     0     0     0     0     4     ]
#312  : 32768 1     0     [ 0     0     0     0     0     0     0     0     0     0     0     0     0     4     ]
#313  : 32768 1     0     [ 0     0     0     0     0     0     0     0     0     0     0     0     0     4     ]
#314  : 32768 1     0     [ 0     0     0     0     0     0     0     0     0     0     0     0     0     4     ]
#315  : 256   1     512   [ 0     0     0     0     0     0     0     0     1     0     0     0     0     0     ]
