sk               Eth Pid        Groups   Rmem     Wmem     Dump  Locks    Drops    Inode
0000000000000000 0   2038       00000440 0        0        0     2        0        13007   
0000000000000000 0   987        00000000 896      0        0     2        0        857     
0000000000000000 0   607        00000111 0        0        0     2        0        3665    
0000000000000000 0   1          800405dd 0        0        0     2        0        3202    
0000000000000000 0   0          00000000 0        0        0     2        0        13      
0000000000000000 4   0          00000000 0        0        0     2        0        2752    
0000000000000000 6   987        00000000 0        0        0     2        0        858     
0000000000000000 6   0          00000000 0        0        0     2        0        9998    
0000000000000000 7   0          00000000 0        0        0     2        0        2214    
0000000000000000 9   0          00000000 0        0        0     2        0        19      
0000000000000000 9   1          00000000 0        0        0     2        0        5668    
0000000000000000 10  0          00000000 0        0        0     2        0        2177    
0000000000000000 11  0          00000000 0        0        0     2        0        2051    
0000000000000000 12  0          00000000 0        0        0     2        0        4686    
0000000000000000 12  987        00000000 0        0        0     2        0        859     
0000000000000000 12  1          00000000 0        0        0     2        0        3180    
0000000000000000 12  579        00000000 0        0        0     2        0        9129    
0000000000000000 15  379        00000002 0        0        0     2        0        5739    
0000000000000000 15  739        00000002 0        0        0     2        0        11634   
0000000000000000 15  3511607781 00000002 0        0        0     2        0        3735    
0000000000000000 15  1777       00000002 0        0        0     2        0        18534   
0000000000000000 15  3742542424 00000001 0        0        0     2        0        3206    
0000000000000000 15  3331138587 00000002 0        0        0     2        0        3736    
0000000000000000 15  579        00000002 0        0        0     2        0        10637   
0000000000000000 15  2231311964 00000002 0        0        0     2        0        3734    
0000000000000000 15  860        00000002 0        0        0     2        0        13440   
0000000000000000 15  0          00000000 0        0        0     2        0        25      
0000000000000000 15  737        00000002 0        0        0     2        0        3733    
0000000000000000 15  1          00000002 0        0        0     2        0        3168    
0000000000000000 16  579        00240000 0        0        0     2        0        8741    
0000000000000000 16  0          00000000 0        0        0     2        0        14      
0000000000000000 18  0          00000000 0        0        0     2        0        2054    
